# polycrystal lookup table
# Date: 2025-06-23 13:36:20.744975
# Generated from NCrystal (https://github.com/mctools/ncrystal)
# Reference: X.-X. Cai and T. Kittelmann, Comp. Phys. Comm. 246 (2020) 106851
# Source file: W_sg229.ncmat
SIGA=0.0642241
SIGI=0.0102855
SIGC=0.0187292
SIGF=0.0287016
SIGS=7.47418e-05
BT=0.0558429
BMPH=1.58916
# dhkl[A], multiplicity, FHKL/cell_volume [fm/A^3], h, k, l
2.23777	12	0.306745	1	1	0
1.58234	6	0.306819	2	0	0
1.29198	24	0.306893	2	1	1
1.11889	12	0.306967	2	2	0
1.00076	24	0.307042	3	1	0
0.913567	8	0.307116	2	2	2
0.845799	48	0.30719	3	2	1
0.791172	6	0.307264	4	0	0
0.745925	24	0.307338	4	1	1
0.745925	12	0.307338	3	3	0
0.707646	24	0.307412	4	2	0
0.674714	24	0.307487	3	3	2
0.64599	24	0.307561	4	2	2
0.620647	48	0.307635	4	3	1
0.620647	24	0.307635	5	1	0
0.577791	48	0.307784	5	2	1
0.559443	12	0.307858	4	4	0
0.54274	24	0.307932	4	3	3
0.54274	24	0.307932	5	3	0
0.527448	24	0.308007	4	4	2
0.527448	6	0.308007	6	0	0
0.513381	48	0.308081	5	3	2
0.513381	24	0.308081	6	1	1
0.500381	24	0.308156	6	2	0
0.488322	48	0.30823	5	4	1
0.477095	24	0.308305	6	2	2
0.466608	48	0.308379	6	3	1
0.456784	8	0.308453	4	4	4
0.447555	48	0.308528	5	4	3
0.447555	24	0.308528	7	1	0
0.447555	12	0.308528	5	5	0
0.438864	24	0.308602	6	4	0
0.43066	48	0.308677	7	2	1
0.43066	24	0.308677	5	5	2
0.43066	24	0.308677	6	3	3
0.422899	48	0.308752	6	4	2
0.415544	24	0.308826	7	3	0
0.401916	48	0.308975	6	5	1
0.401916	48	0.308975	7	3	2
0.395586	6	0.30905	8	0	0
0.389546	48	0.309125	7	4	1
0.389546	24	0.309125	5	5	4
0.389546	24	0.309125	8	1	1
0.383775	24	0.309199	6	4	4
0.383775	24	0.309199	8	2	0
0.378253	48	0.309274	6	5	3
0.372962	24	0.309349	8	2	2
0.372962	12	0.309349	6	6	0
0.367888	48	0.309423	7	4	3
0.367888	48	0.309423	8	3	1
0.367888	24	0.309423	7	5	0
0.363015	24	0.309498	6	6	2
0.358331	48	0.309573	7	5	2
0.353823	24	0.309647	8	4	0
0.349482	24	0.309722	8	3	3
0.349482	24	0.309722	9	1	0
0.345296	48	0.309797	8	4	2
0.341257	48	0.309872	7	6	1
0.341257	48	0.309872	9	2	1
0.341257	24	0.309872	6	5	5
0.337357	24	0.309947	6	6	4
0.333588	48	0.310022	7	5	4
0.333588	48	0.310022	8	5	1
0.333588	24	0.310022	9	3	0
0.326413	48	0.310171	7	6	3
0.326413	48	0.310171	9	3	2
0.322995	24	0.310246	8	4	4
0.319682	48	0.310321	8	5	3
0.319682	48	0.310321	9	4	1
0.319682	12	0.310321	7	7	0
0.316469	24	0.310396	8	6	0
0.316469	6	0.310396	10	0	0
0.313351	24	0.310471	7	7	2
0.313351	24	0.310471	10	1	1
0.310323	48	0.310546	8	6	2
0.310323	24	0.310546	10	2	0
0.307382	48	0.310621	9	4	3
0.307382	24	0.310621	9	5	0
0.304522	24	0.310696	10	2	2
0.304522	8	0.310696	6	6	6
0.301741	48	0.310771	7	6	5
0.301741	48	0.310771	9	5	2
0.301741	48	0.310771	10	3	1
0.2964	48	0.310921	8	7	1
0.2964	24	0.310921	7	7	4
0.2964	24	0.310921	8	5	5
0.293834	48	0.310996	8	6	4
0.293834	24	0.310996	10	4	0
0.291333	48	0.311071	9	6	1
0.291333	24	0.311071	10	3	3
0.288895	48	0.311146	10	4	2
0.286518	48	0.311222	8	7	3
0.286518	48	0.311222	9	5	4
0.286518	24	0.311222	11	1	0
0.281933	48	0.311372	9	6	3
0.281933	48	0.311372	10	5	1
0.281933	48	0.311372	11	2	1
0.279722	12	0.311447	8	8	0
0.277562	24	0.311522	9	7	0
0.277562	24	0.311522	11	3	0
0.275451	24	0.311598	8	8	2
0.275451	24	0.311598	10	4	4
0.273388	48	0.311673	9	7	2
0.273388	48	0.311673	10	5	3
0.273388	48	0.311673	11	3	2
0.273388	24	0.311673	7	7	6
0.27137	24	0.311748	8	6	6
0.27137	24	0.311748	10	6	0
0.269396	48	0.311823	8	7	5
0.269396	48	0.311823	11	4	1
0.267465	48	0.311899	10	6	2
0.265575	48	0.311974	9	6	5
0.263724	24	0.312049	8	8	4
0.263724	6	0.312049	12	0	0
0.261912	48	0.312125	9	7	4
0.261912	48	0.312125	9	8	1
0.261912	48	0.312125	11	4	3
0.261912	24	0.312125	11	5	0
0.261912	24	0.312125	12	1	1
0.260136	24	0.3122	12	2	0
0.258396	48	0.312276	10	7	1
0.258396	48	0.312276	11	5	2
0.258396	24	0.312276	10	5	5
0.25669	48	0.312351	10	6	4
0.25669	24	0.312351	12	2	2
0.255018	48	0.312426	9	8	3
0.255018	48	0.312426	12	3	1
0.251769	48	0.312577	10	7	3
0.251769	48	0.312577	11	6	1
0.250191	24	0.312653	12	4	0
0.248642	48	0.312728	11	5	4
0.248642	24	0.312728	8	7	7
0.248642	24	0.312728	12	3	3
0.248642	12	0.312728	9	9	0
0.247121	48	0.312804	12	4	2
0.247121	24	0.312804	8	8	6
0.247121	24	0.312804	10	8	0
0.245628	48	0.312879	9	7	6
0.245628	48	0.312879	11	6	3
0.245628	24	0.312879	9	9	2
0.244161	48	0.312955	10	8	2
0.242721	48	0.31303	9	8	5
0.242721	48	0.31303	12	5	1
0.242721	24	0.31303	11	7	0
0.242721	24	0.31303	13	1	0
0.241305	24	0.313106	10	6	6
0.239915	48	0.313182	10	7	5
0.239915	48	0.313182	11	7	2
0.239915	48	0.313182	13	2	1
0.238547	24	0.313257	12	4	4
0.237204	48	0.313333	12	5	3
0.237204	24	0.313333	9	9	4
0.237204	24	0.313333	13	3	0
0.235882	48	0.313409	10	8	4
0.235882	24	0.313409	12	6	0
0.234582	48	0.313484	10	9	1
0.234582	48	0.313484	11	6	5
0.234582	48	0.313484	13	3	2
0.233304	48	0.31356	12	6	2
0.232046	48	0.313636	11	7	4
0.232046	48	0.313636	11	8	1
0.232046	48	0.313636	13	4	1
0.229591	48	0.313787	10	9	3
0.228392	8	0.313863	8	8	8
0.227212	48	0.313939	9	8	7
0.227212	48	0.313939	11	8	3
0.227212	48	0.313939	12	7	1
0.227212	48	0.313939	13	4	3
0.227212	24	0.313939	12	5	5
0.227212	24	0.313939	13	5	0
0.226049	48	0.314015	12	6	4
0.226049	6	0.314015	14	0	0
0.224905	48	0.314091	13	5	2
0.224905	24	0.314091	9	9	6
0.224905	24	0.314091	10	7	7
0.224905	24	0.314091	14	1	1
0.223777	48	0.314166	10	8	6
0.223777	24	0.314166	14	2	0
0.223777	12	0.314166	10	10	0
0.222667	48	0.314242	12	7	3
0.222667	24	0.314242	11	9	0
0.221573	24	0.314318	10	10	2
0.221573	24	0.314318	14	2	2
0.220494	48	0.314394	10	9	5
0.220494	48	0.314394	11	7	6
0.220494	48	0.314394	11	9	2
0.220494	48	0.314394	13	6	1
0.220494	48	0.314394	14	3	1
0.219432	24	0.31447	12	8	0
0.218384	48	0.314546	11	8	5
0.218384	48	0.314546	13	5	4
0.217352	48	0.314622	12	8	2
0.217352	24	0.314622	14	4	0
0.216334	48	0.314698	13	6	3
0.216334	24	0.314698	14	3	3
0.21533	48	0.314774	14	4	2
0.21533	24	0.314774	10	10	4
0.21533	24	0.314774	12	6	6
0.21434	48	0.31485	11	9	4
0.21434	48	0.31485	12	7	5
0.21434	24	0.31485	13	7	0
0.2124	48	0.315002	11	10	1
0.2124	48	0.315002	13	7	2
0.2124	48	0.315002	14	5	1
0.21145	48	0.315078	12	8	4
0.210512	48	0.315154	12	9	1
0.210512	24	0.315154	9	9	8
0.210512	24	0.315154	15	1	0
0.209587	24	0.31523	10	8	8
0.209587	24	0.31523	14	4	4
0.208673	48	0.315306	10	9	7
0.208673	48	0.315306	11	10	3
0.208673	48	0.315306	13	6	5
0.208673	48	0.315306	14	5	3
0.208673	48	0.315306	15	2	1
0.207772	24	0.315383	14	6	0
0.206882	48	0.315459	11	8	7
0.206882	48	0.315459	12	9	3
0.206882	48	0.315459	13	7	4
0.206882	48	0.315459	13	8	1
0.206882	24	0.315459	15	3	0
0.206004	48	0.315535	14	6	2
0.206004	24	0.315535	10	10	6
0.205136	48	0.315611	11	9	6
0.205136	48	0.315611	15	3	2
0.203434	48	0.315764	13	8	3
0.203434	48	0.315764	15	4	1
0.203434	24	0.315764	12	7	7
0.203434	12	0.315764	11	11	0
0.202599	48	0.31584	12	8	6
0.202599	24	0.31584	12	10	0
0.201773	48	0.315916	11	10	5
0.201773	48	0.315916	14	7	1
0.201773	24	0.315916	11	11	2
0.201773	24	0.315916	14	5	5
0.200958	48	0.315992	12	10	2
0.200958	48	0.315992	14	6	4
0.200153	48	0.316069	12	9	5
0.200153	48	0.316069	15	4	3
0.200153	24	0.316069	13	9	0
0.200153	24	0.316069	15	5	0
